shoulder_pan,shoulder_lift,elbow_flex,wrist_flex,wrist_roll,gripper
85.80,-106.42,98.07,80.31,95.60,3.59
85.80,-106.42,98.07,80.31,95.60,3.59
85.80,-106.33,98.15,80.31,95.60,3.59
85.80,-106.15,98.15,80.31,95.60,3.59
85.80,-105.63,98.15,80.31,95.60,3.59
85.71,-103.16,97.89,80.57,95.60,3.59
85.71,-98.07,97.71,79.96,95.52,3.59
85.71,-91.65,97.10,78.20,95.43,3.59
85.89,-84.88,94.55,75.21,95.43,3.59
85.89,-77.93,89.80,73.63,95.43,3.59
85.98,-71.60,83.74,73.36,95.43,3.59
85.98,-66.24,76.62,73.45,95.43,3.59
85.98,-61.32,69.23,73.45,95.43,3.59
85.98,-56.75,61.76,73.45,95.60,3.59
85.98,-51.91,54.99,73.45,95.96,3.59
85.98,-46.37,49.10,73.45,95.96,3.59
85.89,-36.26,40.84,73.45,95.96,3.59
85.89,-30.02,35.47,73.45,95.96,3.59
85.89,-23.69,29.76,73.45,96.04,3.59
85.89,-17.01,24.13,73.45,96.04,3.59
85.89,-10.59,18.59,73.45,96.04,3.59
85.80,-4.88,13.32,73.54,96.04,3.59
85.80,-0.22,8.92,73.54,96.04,3.59
85.80,3.47,5.58,73.63,96.04,3.59
85.80,5.41,4.18,74.15,96.04,3.59
85.80,5.85,3.82,75.74,96.04,3.59
85.80,5.76,3.82,77.93,95.69,3.59
85.80,5.67,3.74,80.57,95.52,3.59
85.89,5.67,3.65,82.68,95.52,3.59
85.89,5.67,3.56,84.18,95.78,3.59
85.71,5.67,3.56,84.70,95.87,3.59
85.71,5.67,3.56,84.79,95.87,3.59
85.80,5.67,3.56,84.97,95.69,3.59
85.89,5.76,3.56,84.97,95.69,3.59
85.98,5.76,3.65,85.05,95.69,3.59
85.98,5.76,3.65,85.05,95.60,3.59
85.98,5.76,3.65,85.05,95.60,3.59
85.98,5.76,3.65,84.70,95.69,3.59
85.98,5.76,3.56,84.70,95.78,3.59
85.98,5.67,3.56,84.79,95.69,3.59
85.89,5.67,3.56,85.05,95.60,3.65
85.89,5.67,3.56,85.14,95.52,3.65
85.80,5.67,3.56,85.14,95.52,3.72
85.71,5.67,3.56,85.14,95.52,3.72
85.63,5.67,3.56,85.14,95.52,3.96
85.63,5.67,3.56,85.14,95.52,4.95
85.63,5.67,3.56,85.14,95.52,6.93
85.63,5.58,3.56,85.14,95.52,9.72
85.63,4.70,3.65,85.14,95.52,13.00
85.63,3.65,3.74,85.14,95.52,16.53
85.63,2.95,3.74,85.14,95.52,19.69
85.71,2.42,3.74,85.14,95.52,22.23
85.80,2.15,3.74,85.14,95.69,23.90
85.80,2.33,3.74,85.05,95.78,24.52
85.89,2.42,3.82,85.05,95.78,24.52
85.89,2.59,3.82,85.05,95.87,24.52
85.89,2.77,3.91,84.70,95.78,24.52
85.89,2.77,4.00,84.79,95.60,24.52
85.89,2.86,4.00,84.62,95.60,24.52
86.07,2.86,3.91,84.53,95.60,24.52
88.00,3.03,4.00,84.44,95.52,24.52
88.79,3.03,4.18,84.44,95.52,24.52
89.05,3.56,4.26,84.44,95.69,24.52
88.97,5.85,4.09,84.35,95.87,24.52
88.88,9.36,3.74,83.91,95.96,24.52
88.88,12.53,3.65,82.77,95.96,24.52
88.88,14.46,3.56,81.27,95.96,24.52
88.79,15.25,3.56,79.43,95.96,24.52
88.70,15.87,3.82,77.93,95.96,24.52
88.62,15.96,4.00,77.14,95.96,24.52
88.62,15.96,4.09,77.05,95.96,24.52
88.62,16.04,4.09,77.05,95.96,24.52
88.62,16.04,4.18,77.14,95.96,24.52
88.62,16.13,4.18,77.32,95.96,24.52
88.62,16.13,4.18,77.32,95.96,24.52
88.62,16.22,4.18,77.23,95.96,24.52
88.62,16.48,4.18,77.14,95.96,24.52
88.70,17.45,4.09,77.14,95.96,24.52
88.70,17.98,4.09,77.14,95.96,24.52
88.79,17.98,4.09,77.14,95.96,24.52
88.79,17.98,3.91,77.05,95.96,24.52
88.88,17.98,3.74,77.05,95.96,24.52
88.88,17.98,3.91,77.05,95.96,24.52
88.97,18.07,4.00,77.05,95.96,24.52
88.97,18.07,4.00,77.05,95.96,24.52
88.97,18.07,4.00,77.05,95.96,24.52
88.97,18.07,4.09,77.32,95.96,24.52
88.97,18.07,4.09,77.49,95.96,24.52
88.97,18.07,4.09,77.49,95.96,24.52
88.97,18.07,4.09,77.49,95.96,24.52
88.88,18.07,4.09,77.49,95.96,24.52
88.88,18.07,4.09,77.41,95.96,24.52
88.88,18.07,4.09,77.41,95.96,24.52
88.88,18.07,4.09,77.41,95.96,24.46
88.79,18.07,4.09,77.49,95.96,24.46
88.79,18.07,4.09,77.49,95.96,24.33
88.70,18.07,4.09,77.49,95.96,23.84
88.70,18.07,4.09,77.58,95.96,21.67
88.70,18.07,4.09,77.58,95.96,17.46
88.62,18.07,4.09,77.58,95.96,11.46
88.53,18.07,4.18,77.67,95.87,0.87
88.53,18.15,4.18,77.67,95.87,2.79
88.53,18.15,4.18,77.67,95.78,3.34
88.53,18.15,4.18,77.67,95.60,2.85
88.53,17.89,4.18,77.67,95.60,2.85
88.53,17.10,4.09,77.93,95.52,2.85
88.53,15.87,3.65,78.99,95.52,2.85
88.62,13.23,3.65,80.75,95.52,2.85
88.70,8.57,3.65,83.30,95.52,2.85
88.70,3.03,3.65,86.20,95.52,2.85
88.70,-3.74,3.65,89.54,95.52,2.85
88.70,-10.86,3.65,92.79,95.52,2.85
88.70,-18.07,3.82,96.04,95.52,2.85
88.62,-25.54,3.91,99.38,95.60,2.85
88.44,-33.98,3.91,102.55,95.78,2.85
87.21,-41.01,3.91,104.13,95.87,2.85
83.43,-48.31,4.18,104.40,95.52,2.85
78.51,-54.55,4.62,104.40,95.52,2.85
73.32,-60.00,6.02,104.40,95.52,2.85
67.43,-64.75,8.22,104.40,95.52,2.85
60.92,-68.88,10.33,104.40,95.52,2.91
53.01,-73.01,12.44,104.40,95.52,2.91
44.40,-76.97,14.29,104.40,95.52,2.91
35.43,-80.40,15.87,104.40,95.52,2.97
25.41,-83.30,17.19,104.40,95.52,2.97
16.18,-85.41,17.71,104.31,95.52,2.97
7.82,-86.90,17.71,104.31,95.52,2.97
0.70,-87.96,17.45,104.31,95.43,2.97
-5.27,-89.01,17.36,104.13,95.43,2.97
-9.32,-90.42,17.27,103.69,95.43,2.97
-11.87,-92.70,17.27,102.46,95.43,2.97
-12.57,-94.29,17.45,100.88,95.43,2.97
-12.57,-95.08,17.54,99.12,95.43,2.97
-12.57,-95.25,17.45,97.54,95.43,2.97
-12.48,-95.25,17.54,96.66,95.43,2.97
-12.40,-95.25,17.80,96.31,95.43,2.97
-12.40,-95.25,17.80,96.31,95.43,2.97
-12.40,-95.25,17.80,96.31,95.43,2.97
-12.40,-95.25,17.89,96.31,95.43,2.97
-12.40,-95.25,17.89,96.31,95.43,2.97
-12.40,-95.25,17.89,96.31,95.43,2.97
-12.40,-95.25,17.89,96.31,95.43,2.97
-12.40,-95.25,17.89,96.31,95.43,2.97
-12.40,-95.25,17.89,96.31,95.43,2.97
-12.40,-95.25,17.89,96.40,95.43,2.97
-12.40,-95.25,17.89,96.40,95.43,2.97
-12.40,-95.25,17.89,96.48,95.43,2.97
-12.31,-95.25,17.89,96.48,95.43,2.97
